-----------------------------------

---   0  iteration ---

-----------------------------------

Open: 
([6, 6], 0, [null])
Close: 

-----------------------------------

---   1  iteration ---

-----------------------------------

Open: 
([5, 5], 9, [6, 6]), ([6, 5], 9, [6, 6]), ([5, 6], 4, [6, 6])
Close: 
([6, 6], 0, [null])
-----------------------------------

---   2  iteration ---

-----------------------------------

Open: 
([5, 5], 9, [6, 6]), ([6, 5], 9, [6, 6]), ([4, 5], 7, [5, 6]), ([4, 6], 7, [5, 6]), ([4, 7], 7, [5, 6])
Close: 
([6, 6], 0, [null]), ([5, 6], 4, [6, 6])
-----------------------------------

---   3  iteration ---

-----------------------------------

Open: 
([5, 5], 9, [6, 6]), ([6, 5], 9, [6, 6]), ([4, 6], 7, [5, 6]), ([4, 7], 7, [5, 6]), ([5, 4], 10, [4, 5]), ([3, 5], 15, [4, 5]), ([3, 6], 16, [4, 5])
Close: 
([6, 6], 0, [null]), ([5, 6], 4, [6, 6]), ([4, 5], 7, [5, 6])
-----------------------------------

---   4  iteration ---

-----------------------------------

Open: 
([5, 5], 9, [6, 6]), ([6, 5], 9, [6, 6]), ([4, 7], 7, [5, 6]), ([5, 4], 10, [4, 5]), ([3, 5], 15, [4, 5]), ([3, 6], 16, [4, 5]), ([3, 7], 16, [4, 6])
Close: 
([6, 6], 0, [null]), ([5, 6], 4, [6, 6]), ([4, 5], 7, [5, 6]), ([4, 6], 7, [5, 6])
-----------------------------------

---   5  iteration ---

-----------------------------------

Open: 
([5, 5], 9, [6, 6]), ([6, 5], 9, [6, 6]), ([5, 4], 10, [4, 5]), ([3, 5], 15, [4, 5]), ([3, 6], 16, [4, 5]), ([3, 7], 16, [4, 6]), ([3, 8], 16, [4, 7]), ([4, 8], 10, [4, 7]), ([5, 8], 16, [4, 7])
Close: 
([6, 6], 0, [null]), ([5, 6], 4, [6, 6]), ([4, 5], 7, [5, 6]), ([4, 6], 7, [5, 6]), ([4, 7], 7, [5, 6])
-----------------------------------

---   6  iteration ---

-----------------------------------

Open: 
([6, 5], 9, [6, 6]), ([5, 4], 10, [4, 5]), ([3, 5], 15, [4, 5]), ([3, 6], 16, [4, 5]), ([3, 7], 16, [4, 6]), ([3, 8], 16, [4, 7]), ([4, 8], 10, [4, 7]), ([5, 8], 16, [4, 7])
Close: 
([6, 6], 0, [null]), ([5, 6], 4, [6, 6]), ([4, 5], 7, [5, 6]), ([4, 6], 7, [5, 6]), ([4, 7], 7, [5, 6]), ([5, 5], 9, [6, 6])
-----------------------------------

---   7  iteration ---

-----------------------------------

Open: 
([5, 4], 10, [4, 5]), ([3, 5], 15, [4, 5]), ([3, 6], 16, [4, 5]), ([3, 7], 16, [4, 6]), ([3, 8], 16, [4, 7]), ([4, 8], 10, [4, 7]), ([5, 8], 16, [4, 7])
Close: 
([6, 6], 0, [null]), ([5, 6], 4, [6, 6]), ([4, 5], 7, [5, 6]), ([4, 6], 7, [5, 6]), ([4, 7], 7, [5, 6]), ([5, 5], 9, [6, 6]), ([6, 5], 9, [6, 6])
-----------------------------------

---   8  iteration ---

-----------------------------------

Open: 
([3, 5], 15, [4, 5]), ([3, 6], 16, [4, 5]), ([3, 7], 16, [4, 6]), ([3, 8], 16, [4, 7]), ([4, 8], 10, [4, 7]), ([5, 8], 16, [4, 7]), ([4, 3], 14, [5, 4]), ([5, 3], 13, [5, 4]), ([6, 3], 18, [5, 4])
Close: 
([6, 6], 0, [null]), ([5, 6], 4, [6, 6]), ([4, 5], 7, [5, 6]), ([4, 6], 7, [5, 6]), ([4, 7], 7, [5, 6]), ([5, 5], 9, [6, 6]), ([6, 5], 9, [6, 6]), ([5, 4], 10, [4, 5])
-----------------------------------

---   9  iteration ---

-----------------------------------

Open: 
([3, 5], 15, [4, 5]), ([3, 6], 16, [4, 5]), ([3, 7], 16, [4, 6]), ([3, 8], 16, [4, 7]), ([5, 8], 16, [4, 7]), ([4, 3], 14, [5, 4]), ([5, 3], 13, [5, 4]), ([6, 3], 18, [5, 4]), ([3, 9], 16, [4, 8]), ([4, 9], 13, [4, 8]), ([5, 9], 17, [4, 8])
Close: 
([6, 6], 0, [null]), ([5, 6], 4, [6, 6]), ([4, 5], 7, [5, 6]), ([4, 6], 7, [5, 6]), ([4, 7], 7, [5, 6]), ([5, 5], 9, [6, 6]), ([6, 5], 9, [6, 6]), ([5, 4], 10, [4, 5]), ([4, 8], 10, [4, 7])
-----------------------------------

---   10  iteration ---

-----------------------------------

Open: 
([3, 5], 15, [4, 5]), ([3, 6], 16, [4, 5]), ([3, 7], 16, [4, 6]), ([3, 8], 16, [4, 7]), ([5, 8], 16, [4, 7]), ([4, 3], 14, [5, 4]), ([6, 3], 18, [5, 4]), ([3, 9], 16, [4, 8]), ([4, 9], 13, [4, 8]), ([5, 9], 17, [4, 8]), ([4, 2], 18, [5, 3]), ([5, 2], 16, [5, 3]), ([6, 2], 21, [5, 3])
Close: 
([6, 6], 0, [null]), ([5, 6], 4, [6, 6]), ([4, 5], 7, [5, 6]), ([4, 6], 7, [5, 6]), ([4, 7], 7, [5, 6]), ([5, 5], 9, [6, 6]), ([6, 5], 9, [6, 6]), ([5, 4], 10, [4, 5]), ([4, 8], 10, [4, 7]), ([5, 3], 13, [5, 4])
-----------------------------------

---   11  iteration ---

-----------------------------------

Open: 
([3, 5], 15, [4, 5]), ([3, 6], 16, [4, 5]), ([3, 7], 16, [4, 6]), ([3, 8], 16, [4, 7]), ([5, 8], 16, [4, 7]), ([4, 3], 14, [5, 4]), ([6, 3], 18, [5, 4]), ([3, 9], 16, [4, 8]), ([5, 9], 17, [4, 8]), ([4, 2], 18, [5, 3]), ([5, 2], 16, [5, 3]), ([6, 2], 21, [5, 3])
Close: 
([6, 6], 0, [null]), ([5, 6], 4, [6, 6]), ([4, 5], 7, [5, 6]), ([4, 6], 7, [5, 6]), ([4, 7], 7, [5, 6]), ([5, 5], 9, [6, 6]), ([6, 5], 9, [6, 6]), ([5, 4], 10, [4, 5]), ([4, 8], 10, [4, 7]), ([5, 3], 13, [5, 4]), ([4, 9], 13, [4, 8])
-----------------------------------

---   12  iteration ---

-----------------------------------

Open: 
([3, 5], 15, [4, 5]), ([3, 6], 16, [4, 5]), ([3, 7], 16, [4, 6]), ([3, 8], 16, [4, 7]), ([5, 8], 16, [4, 7]), ([6, 3], 18, [5, 4]), ([3, 9], 16, [4, 8]), ([5, 9], 17, [4, 8]), ([4, 2], 18, [5, 3]), ([5, 2], 16, [5, 3]), ([6, 2], 21, [5, 3]), ([3, 2], 20, [4, 3]), ([3, 3], 16, [4, 3])
Close: 
([6, 6], 0, [null]), ([5, 6], 4, [6, 6]), ([4, 5], 7, [5, 6]), ([4, 6], 7, [5, 6]), ([4, 7], 7, [5, 6]), ([5, 5], 9, [6, 6]), ([6, 5], 9, [6, 6]), ([5, 4], 10, [4, 5]), ([4, 8], 10, [4, 7]), ([5, 3], 13, [5, 4]), ([4, 9], 13, [4, 8]), ([4, 3], 14, [5, 4])
-----------------------------------

---   13  iteration ---

-----------------------------------

Open: 
([3, 6], 16, [4, 5]), ([3, 7], 16, [4, 6]), ([3, 8], 16, [4, 7]), ([5, 8], 16, [4, 7]), ([6, 3], 18, [5, 4]), ([3, 9], 16, [4, 8]), ([5, 9], 17, [4, 8]), ([4, 2], 18, [5, 3]), ([5, 2], 16, [5, 3]), ([6, 2], 21, [5, 3]), ([3, 2], 20, [4, 3]), ([3, 3], 16, [4, 3])
Close: 
([6, 6], 0, [null]), ([5, 6], 4, [6, 6]), ([4, 5], 7, [5, 6]), ([4, 6], 7, [5, 6]), ([4, 7], 7, [5, 6]), ([5, 5], 9, [6, 6]), ([6, 5], 9, [6, 6]), ([5, 4], 10, [4, 5]), ([4, 8], 10, [4, 7]), ([5, 3], 13, [5, 4]), ([4, 9], 13, [4, 8]), ([4, 3], 14, [5, 4]), ([3, 5], 15, [4, 5])
-----------------------------------

---   14  iteration ---

-----------------------------------

Open: 
([3, 7], 16, [4, 6]), ([3, 8], 16, [4, 7]), ([5, 8], 16, [4, 7]), ([6, 3], 18, [5, 4]), ([3, 9], 16, [4, 8]), ([5, 9], 17, [4, 8]), ([4, 2], 18, [5, 3]), ([5, 2], 16, [5, 3]), ([6, 2], 21, [5, 3]), ([3, 2], 20, [4, 3]), ([3, 3], 16, [4, 3])
Close: 
([6, 6], 0, [null]), ([5, 6], 4, [6, 6]), ([4, 5], 7, [5, 6]), ([4, 6], 7, [5, 6]), ([4, 7], 7, [5, 6]), ([5, 5], 9, [6, 6]), ([6, 5], 9, [6, 6]), ([5, 4], 10, [4, 5]), ([4, 8], 10, [4, 7]), ([5, 3], 13, [5, 4]), ([4, 9], 13, [4, 8]), ([4, 3], 14, [5, 4]), ([3, 5], 15, [4, 5]), ([3, 6], 16, [4, 5])
-----------------------------------

---   15  iteration ---

-----------------------------------

Open: 
([3, 8], 16, [4, 7]), ([5, 8], 16, [4, 7]), ([6, 3], 18, [5, 4]), ([3, 9], 16, [4, 8]), ([5, 9], 17, [4, 8]), ([4, 2], 18, [5, 3]), ([5, 2], 16, [5, 3]), ([6, 2], 21, [5, 3]), ([3, 2], 20, [4, 3]), ([3, 3], 16, [4, 3]), ([2, 8], 25, [3, 7])
Close: 
([6, 6], 0, [null]), ([5, 6], 4, [6, 6]), ([4, 5], 7, [5, 6]), ([4, 6], 7, [5, 6]), ([4, 7], 7, [5, 6]), ([5, 5], 9, [6, 6]), ([6, 5], 9, [6, 6]), ([5, 4], 10, [4, 5]), ([4, 8], 10, [4, 7]), ([5, 3], 13, [5, 4]), ([4, 9], 13, [4, 8]), ([4, 3], 14, [5, 4]), ([3, 5], 15, [4, 5]), ([3, 6], 16, [4, 5]), ([3, 7], 16, [4, 6])
-----------------------------------

---   16  iteration ---

-----------------------------------

Open: 
([5, 8], 16, [4, 7]), ([6, 3], 18, [5, 4]), ([3, 9], 16, [4, 8]), ([5, 9], 17, [4, 8]), ([4, 2], 18, [5, 3]), ([5, 2], 16, [5, 3]), ([6, 2], 21, [5, 3]), ([3, 2], 20, [4, 3]), ([3, 3], 16, [4, 3]), ([2, 8], 25, [3, 7]), ([2, 9], 23, [3, 8])
Close: 
([6, 6], 0, [null]), ([5, 6], 4, [6, 6]), ([4, 5], 7, [5, 6]), ([4, 6], 7, [5, 6]), ([4, 7], 7, [5, 6]), ([5, 5], 9, [6, 6]), ([6, 5], 9, [6, 6]), ([5, 4], 10, [4, 5]), ([4, 8], 10, [4, 7]), ([5, 3], 13, [5, 4]), ([4, 9], 13, [4, 8]), ([4, 3], 14, [5, 4]), ([3, 5], 15, [4, 5]), ([3, 6], 16, [4, 5]), ([3, 7], 16, [4, 6]), ([3, 8], 16, [4, 7])
-----------------------------------

---   17  iteration ---

-----------------------------------

Open: 
([6, 3], 18, [5, 4]), ([3, 9], 16, [4, 8]), ([5, 9], 17, [4, 8]), ([4, 2], 18, [5, 3]), ([5, 2], 16, [5, 3]), ([6, 2], 21, [5, 3]), ([3, 2], 20, [4, 3]), ([3, 3], 16, [4, 3]), ([2, 8], 25, [3, 7]), ([2, 9], 23, [3, 8]), ([6, 8], 24, [5, 8]), ([6, 9], 25, [5, 8])
Close: 
([6, 6], 0, [null]), ([5, 6], 4, [6, 6]), ([4, 5], 7, [5, 6]), ([4, 6], 7, [5, 6]), ([4, 7], 7, [5, 6]), ([5, 5], 9, [6, 6]), ([6, 5], 9, [6, 6]), ([5, 4], 10, [4, 5]), ([4, 8], 10, [4, 7]), ([5, 3], 13, [5, 4]), ([4, 9], 13, [4, 8]), ([4, 3], 14, [5, 4]), ([3, 5], 15, [4, 5]), ([3, 6], 16, [4, 5]), ([3, 7], 16, [4, 6]), ([3, 8], 16, [4, 7]), ([5, 8], 16, [4, 7])
-----------------------------------

---   18  iteration ---

-----------------------------------

Open: 
([6, 3], 18, [5, 4]), ([5, 9], 17, [4, 8]), ([4, 2], 18, [5, 3]), ([5, 2], 16, [5, 3]), ([6, 2], 21, [5, 3]), ([3, 2], 20, [4, 3]), ([3, 3], 16, [4, 3]), ([2, 8], 25, [3, 7]), ([2, 9], 23, [3, 8]), ([6, 8], 24, [5, 8]), ([6, 9], 25, [5, 8])
Close: 
([6, 6], 0, [null]), ([5, 6], 4, [6, 6]), ([4, 5], 7, [5, 6]), ([4, 6], 7, [5, 6]), ([4, 7], 7, [5, 6]), ([5, 5], 9, [6, 6]), ([6, 5], 9, [6, 6]), ([5, 4], 10, [4, 5]), ([4, 8], 10, [4, 7]), ([5, 3], 13, [5, 4]), ([4, 9], 13, [4, 8]), ([4, 3], 14, [5, 4]), ([3, 5], 15, [4, 5]), ([3, 6], 16, [4, 5]), ([3, 7], 16, [4, 6]), ([3, 8], 16, [4, 7]), ([5, 8], 16, [4, 7]), ([3, 9], 16, [4, 8])
-----------------------------------

---   19  iteration ---

-----------------------------------

Open: 
([6, 3], 18, [5, 4]), ([5, 9], 17, [4, 8]), ([4, 2], 18, [5, 3]), ([6, 2], 21, [5, 3]), ([3, 2], 20, [4, 3]), ([3, 3], 16, [4, 3]), ([2, 8], 25, [3, 7]), ([2, 9], 23, [3, 8]), ([6, 8], 24, [5, 8]), ([6, 9], 25, [5, 8]), ([5, 1], 19, [5, 2]), ([6, 1], 25, [5, 2])
Close: 
([6, 6], 0, [null]), ([5, 6], 4, [6, 6]), ([4, 5], 7, [5, 6]), ([4, 6], 7, [5, 6]), ([4, 7], 7, [5, 6]), ([5, 5], 9, [6, 6]), ([6, 5], 9, [6, 6]), ([5, 4], 10, [4, 5]), ([4, 8], 10, [4, 7]), ([5, 3], 13, [5, 4]), ([4, 9], 13, [4, 8]), ([4, 3], 14, [5, 4]), ([3, 5], 15, [4, 5]), ([3, 6], 16, [4, 5]), ([3, 7], 16, [4, 6]), ([3, 8], 16, [4, 7]), ([5, 8], 16, [4, 7]), ([3, 9], 16, [4, 8]), ([5, 2], 16, [5, 3])



ROUTE:
[[6, 6], [5, 6], [4, 5], [5, 4], [4, 3], [3, 3]]
